0
8208
13108
11577
2689
19434
11955
17357
6756
9245
18351
9497
12212
4653
617
80
19877
10627
13321
8204
2643
883
9723
2141
1117
16755
4996
11408
14439
15585
17019
19968
2956
13464
10765
7681
16780
1314
13939
3088
19669
1144
19519
6347
6944
12944
6663
17971
11333
17838
7588
14958
17126
11921
6482
18172
8524
13035
13669
735
13295
11813
8141
912
10110
8592
5612
6320
17489
8899
19304
7200
888
4976
13057
12517
13050
18217
1130
16199
4480
5823
18043
18306
59
16016
18862
17810
226
16819
7157
13924
18730
1180
14675
3962
18923
963
9405
9856
19411
9140
581
14268
7550
653
10032
19085
8993
15285
13181
7450
8238
3243
9390
9833
12206
9161
14826
5414
2086
14066
4565
6644
7660
15022
12941
18542
2693
16617
12141
18460
15115
181
4112
3264
18443
4199
17376
18843
16180
3685
3327
18834
1677
1449
405
16247
10707
2476
5900
17431
3044
3601
18514
13151
5182
10824
4871
15253
14260
17447
3046
16146
14659
4486
1159
5276
18209
262
14722
2580
5387
2702
13542
12061
10681
18715
4572
15476
5286
6392
19044
19103
16865
7604
13960
1564
1077
11098
3309
750
8497
9998
17148
1416
10719
13757
13836
2130
692
2992
6528
5312
8803
5600
12208
11048
7184
5189
4069
14747
7356
7636
8426
16933
19933
16958
8673
6541
17581
10198
10671
1421
3272
14988
19791
17736
13613
17678
5741
4065
5481
2002
7360
18692
938
14263
17862
6325
919
8493
12356
1931
18854
11046
15928
13248
15765
17379
5858
15885
4010
6974
7598
9679
18975
682
3872
7717
7438
9490
837
17134
13341
8906
14456
18273
19800
1175
11170
14129
5677
8306
1682
13069
19155
17481
1859
16845
18583
926
5217
19997
4758
18606
13794
4910
539
18527
10128
14648
5489
3935
4009
11650
1748
12670
6708
9902
18064
10759
4959
17574
8456
6929
11943
2158
16667
4816
16202
16518
11621
13138
8004
8852
7385
5390
3418
754
10091
15991
10594
12204
19406
4839
18908
8832
14010
15734
358
588
272
8001
2825
6674
2042
14071
15103
3323
193
10792
1312
3687
6888
12259
11833
2304
4671
6243
11602
9118
1848
3901
7499
14096
15400
2602
9027
9738
6010
15431
6381
1010
5558
8975
16137
7229
11197
790
19957
9923
15736
4605
9788
349
4226
19139
18112
13123
14823
4678
6212
2459
10179
18190
3385
1697
8830
11822
19468
6299
13696
2240
10242
82
5223
13097
13244
5129
2498
10556
5493
13316
4205
15759
3761
9924
17259
5576
17196
19900
15553
18498
10238
12004
8724
8717
9828
19484
18432
7943
9700
7980
13296
744
1786
15982
2494
7981
2697
19584
2212
2989
13998
186
11093
5225
11619
18126
7974
11651
4539
14266
11952
11075
1741
15767
15961
3043
16842
6717
16154
16206
12385
16474
43
11447
8147
10932
10809
4847
251
9854
11484
3209
7342
733
14067
11179
8666
9419
12711
5177
2295
11330
12040
17002
8382
17242
5041
3907
17870
9888
5829
18134
5524
9765
18446
73
16409
15692
13379
9225
9019
1955
8398
12598
10369
16111
